 194  243  157   54  185  227   23   68  194  243  157   51    1    0   16    1  194  243  157   54    1    0   16    0  194  243  157   32    1    0   16  216 
 194  243  157   54    1    0   16    1  194  243  157   54    1    0   16    1  194  243  157   44    1    2   92   72  194  243  232  161    1    2   92   73 
 194  243  232  206    1    0   16    0  194  243  157   55    1    0   16   11  194  243  157   31    1    0   16    6  194  243  157   49  254  255  239  254 
 194  243  157   55    1    0   16    0  194  243  157   55    1    0   16    1  194  243  157   55    1    0   16    3  194  243  157   50    1    0   16    1 
 194  246  178  254    1    0   16    1  194  243  157   54    1    0   16    1  194  240   28  113    1    0   16    1  194  243  157   54    1    0   16    2 
 194  243  157   61    1    0   16   11   42   70    6  211  177  148  245  142  117  251  157   54    1   10  248  180   89   22   45  162  228  143  167    9 
 194  243  157   60  233  181  139  228  114  103  120  185  182    8   16    1  194  254  120  173  154  233  185  176   39  118   25  211  189  159   24    1 
 194  243  151  222  180  155  245  177   86   22   18  129    9    0   16    1  207   22    6  173  232  169  161  228   71  119  120  138  158    8   16    1 
 194  245  171    4   56   57   33   57  194  243  157   51   50   55   34   51  241  243  157   54    7   53   36   50  247  199  168   54    1    0   21   50 
 245  193  175    5    1    0   16    1  194  243  157   50    1    0   16    2  194  243  157   91    1    0   16    1  195  242  156   55    0    1   17    0 
 195  242  156   55    0    1   17    0  195  242  156   55    0    1   17    0  195  242  156   55    0    1   17    0  195  242  156   55    0    1   17    0 
 195  242  156   55    0    1   17    0  195  242  156   55    0    1   17    0  195  243  157   54    1    0   16    1  194  243  157   54    1    0   16    1 
 194  243  157   54    1    0   16    1  194  243  157   54    1    0   16    1  194  243  157   54    1    0   16    1  194  243  157   54    1    0   16    1 
 194  243  157   51  108    1   16   48  194  195  157  110    1  115   16    0  193  243  153   55    1  100   16   91  194  131  157  148    2    3   18    3 
 192  242  157   78    1  105   16  131  194   59  156   54    1    0   16    1  194  243  157   54    1    0   16    1  194  243  157   54    1    1   16  106 
 194  154  157  101    1  101   17    3  193  247  158   55    1  156   16  167  194  135  157  190    3    1   19    5  192  242  157  253    1  193   16  102 
 194  136  157   54    1    0   17    1  194  243  157   54    1    0   16    1  194  243  157   54    1    1   16   88  194  191  157  190    1  134   19    3 
 192  240  157   55    1  126   16  137  194   67  157  144    2    3   17    2  192  242  156   59    0   23   17   32  195  254  153   50    3    4   19    1 
 194  243  157   54    1    0   16    1  194  243  157   54    1    0   16    1  194  243  157   54    1    0   16    1  194  243  157   55    1   90   16   71 
 194  181  157   78    1    0   16    1  194  243  157   54    1    0   16    1  194  243  157   54    1    0   16    0  194  243  157   54    1    0   16    1 
 194  243  153   52    0    0    7    1  197  243  157   54    1    0   16    4  198  242  157   50    1    1   16    1  194  243  157   54    0    0   17    1 
 195  243  158   54    1    0   16    1  194  247  157   55    1    0   16    1  194  243  157   54    1    0   21    0  195  243  157   54    1    0   16    1 
 194  243  157   54    1    1   16    1  194  243  157   54    1    0   16    1  198  241  156   54    1    0   16    1  194  243  157   54    1    4   21    0 
 194  211  157   53    1    0   16    1  194  243  152   53    0    0   16    1  194  243  157   54    1    0   16    1  194  242  157   54    1    0   16    1 
 194  243  157   54    2    0   17    1  194  243  157   54    1    0   16    1  194  243  157   54    1    0   16    1  194  243  157   54    1    0   16    1 
 194  243  157   54    1    0   16    1  194  243  157   54    1    0   16    1  194  243  157   54    1    0   16    1  194  243  156   54    1    0   16    1 
 194  243  157   54    1    0   16    0  194  230  157   54    1    0   16    1  194  243  152   54    0    0   16    1  194  243  157   54    1    0   16    4 
 198  242  157   16    1   38   16    1  194  243  157   54    4    3   17    1  194  243  157   54    1    0   16    1  194  247  157   55    1    0   16    1 
 194  243  157   54    1    0   16    1  195  243  157   54    1    0   16    1  194  243  157   54    1    1   16    1  194  243  157   54    1    0   16    1 
 198  243  156   54   27    0   16    1  194  243  157   54    1    5   16    0  194  243  157   54    1    0   16    1  194  243  157   54    0    0   16    1 
 194  243  157   54    1    0   16    0  194  243  157   54    1    0   16    1  194  243  157   54    1    0   17    1  194  243  157   54    1    0   16    1 
 194  241  157   54    1    0   16    1  194  243  157   54    1    0   16    1  194  243  157   54    1    0   16    1  194  243  157   54    1    0   16    1 
 194  243  157   54    1    0   16    1  194  243  157   54    1    0   16    1  194  243  157   54    1    0   16    1  194  243  157   54    1    0   16    1 
 194  243  157   54    1    0   16    1  194  243  157   54    1    0   16    1  194  243  157   55    1    0   16   10  200  248  156   54    1    0   16    1 
 194  242  157   54    1    0   16    1  195  243  157   54    1    0   16    0  194  243  157   54    1    0   17    1  194  243  159   61   11    1   16    1 
 194  243  157   54    0    0   16    1  195  250  148   55    1    0   16    1  194  243  156   54    1    0   24    9  202  242  157   54    1    0   16    1 
 195  243  157   54    1    0   16    0  194  243  157   62    8    7   17    1  194  243  148   63    7    1   16    1  194  250  154   62    0    0   16    1 
 209  225  142   55    1    0   16    1  194  243  156   54    1    0   17    1  195  242  157   54    1    0   16    1  195  243  157   54    1    0   16    0 
 194  243  157   54    1    0   17    1  194  243  156   55    1    0   16    1  194  243  157   54    0    0   16    1  194  243  157   55    1    0   16    1 
 194  243  156   54    1    0   16    1  194  242  157   54    1    0   16    1  195  243  157   54    1    0   16    0  194  243  157   54    1    0   17    1 
 194  243  157   54    1    1   25    7  196  241  143   39    0    0   16    1  194  243  157   55    1    0   16    1  194  243  156   63   11    7  113   10 
 198  242  157   54    1    0   16    1  195  243  157   54    1    0   16    0  194  243  157   54    1    0   17    1  194  243  157   54    1    1   16    1 
 194  243  157   54    0    0   16    1  194  243  157   55    1    0   16    1  194  243  156   54    1    0   16    1  194  242  157   54    1    0   16    1 
 195  243  157   54    1    0   16    0  194  243  157   54    1    0   17    1  194  243  157   54    1    1   16    1  194  243  157   54    0    0   16    1 
 194  243  157   55    1    0   16    1  194  243  156   54    1    0   16    1  194  242  157   54    1    0   16    1  195  243  157   54    1    0   16    0 
 194  243  157   54    1    0   17    1  194  243  157   54    1    1   16    1  194  243  157   54    0    0   16    1  194  243  157   54    1    0   16    1 
 194  243  157   54    1    0   16    1  194  243  157   54    1    0   16    1  194  243  157   54    1    0   16    1  194  243  157   54    1    0   16    1 
 194  243  157   54    1    0   16    1  194  243  157   54    1    0   16    1  194  243  157   54    1    0   16    1  194  243  157   54    1    0   16    1 
 194  243  157   54    1    0   16    1  194  243  157   54    1    0   16    1  194  243  157   54    1    0   16    1  194  243  157   54    1    0   16    1 
 194  243  157   54    1    0   16    1  194  243  157   54    1    0   16    1  194  243  157   54    1    0   16    1  194  243  157   54    1    0   16    1 
 194  243  157   54    1    0   16    1  194  243  157   54    1    0   16    1  194  243  157   54    1    0   16    1  194  243  157   54    1    0   16    1 
 194  243  157   54    1    0   16    1  194  243  157   54    1    0   16    1  194  243  157   54    1    0   16    1  194  243  157   54    1    0   16    1 
 194  243  157   54    1    0   16    1  194  243  157   54    1    0   16    1  194  243  157   54    1    0   16    1  194  243  157   54    1    0   16    1 
 194  243  157   54    1    0   16    1  194  243  157   54    1    0   16    1  194  243  157   54    1    0   16    1  194  243  157   54    1    0   16    1 
 194  243  157   54    1    0   16    1  194  243  157   54    1    0   16    1  194  243  157   54    1    0   16    1  194  243  157   54    1    0   16    1 
 194  243  157   54    1    0   16    1  194  243  157   54    1    0   16    1  194  243  157   54    1    0   16    1  194  243  157   54    1    0   16    1 
 194  243  157   54    1    0   16    1  194  243  157   54    1    0   16    1  194  243  157   54    1   23   18    1  195  242  156   55    0    1   18    0 
 192  242  156   55    3    1   17    0  192  242  156   54    0 